"F3D0","F3D1","F3D2","F3D3","F3D5","F3D6","F3D7","F3D8","F3D9"
"F3D0",0,81.4553076049467,80.9324854844077,88.1399906222228,67.3991246993854,79.9769599542243,84.1214759036196,69.8503220417301,77.0821243906388
"F3D1",81.4553076049467,0,74.6399693936554,76.5754617969075,63.4112993747186,75.1656388512813,75.7221860206359,66.0212351599672,75.5693239828897
"F3D2",80.9324854844077,74.6399693936554,0,82.4012244699948,71.5667327518227,73.4275192337305,85.4301314106565,74.6138695296298,80.6641951680298
"F3D3",88.1399906222228,76.5754617969075,82.4012244699948,0,62.8453685407391,70.8477368938919,54.5678010963698,72.7579497070134,77.9335805347361
"F3D5",67.3991246993854,63.4112993747186,71.5667327518227,62.8453685407391,0,53.0227587473319,58.7194418291731,51.8627297019204,58.3444826192352
"F3D6",79.9769599542243,75.1656388512813,73.4275192337305,70.8477368938919,53.0227587473319,0,64.6772995720208,57.2405388406027,51.0270786428492
"F3D7",84.1214759036196,75.7221860206359,85.4301314106565,54.5678010963698,58.7194418291731,64.6772995720208,0,59.150587911654,66.8308318562846
"F3D8",69.8503220417301,66.0212351599672,74.6138695296298,72.7579497070134,51.8627297019204,57.2405388406027,59.150587911654,0,46.4443566346446
"F3D9",77.0821243906388,75.5693239828897,80.6641951680298,77.9335805347361,58.3444826192352,51.0270786428492,66.8308318562846,46.4443566346446,0
